[gd_scene load_steps=5 format=2]

[sub_resource type="BoxShape" id=1]

[sub_resource type="CubeMesh" id=2]

[sub_resource type="BoxShape" id=3]
extents = Vector3( 15, 1, 15 )

[sub_resource type="CubeMesh" id=4]
size = Vector3( 30, 2, 30 )

[node name="Level" type="Spatial"]

[node name="Box" type="RigidBody" parent="."]
transform = Transform( 0.707107, 0.5, 0.5, -0.707107, 0.5, 0.5, 0, -0.707107, 0.707107, 0, 6, 0 )
__meta__ = {
"_edit_group_": true
}

[node name="CollisionShape" type="CollisionShape" parent="Box"]
shape = SubResource( 1 )

[node name="MeshInstance" type="MeshInstance" parent="Box"]
mesh = SubResource( 2 )
material/0 = null

[node name="Box2" type="RigidBody" parent="."]
transform = Transform( 0.707107, 0.5, 0.5, -0.683013, 0.665976, 0.29995, -0.183013, -0.553603, 0.812422, 0, 10, 0 )
__meta__ = {
"_edit_group_": true
}

[node name="CollisionShape" type="CollisionShape" parent="Box2"]
shape = SubResource( 1 )

[node name="MeshInstance" type="MeshInstance" parent="Box2"]
mesh = SubResource( 2 )
material/0 = null

[node name="Box3" type="RigidBody" parent="."]
transform = Transform( 0.707107, 0.5, 0.5, -0.707107, 0.5, 0.5, 0, -0.707107, 0.707107, 0, 14, 0 )
__meta__ = {
"_edit_group_": true
}

[node name="CollisionShape" type="CollisionShape" parent="Box3"]
shape = SubResource( 1 )

[node name="MeshInstance" type="MeshInstance" parent="Box3"]
mesh = SubResource( 2 )
material/0 = null

[node name="Camera" type="Camera" parent="."]
transform = Transform( 1, 0, 0, 0, 0.866025, 0.5, 0, -0.5, 0.866025, 0, 9, 12 )

[node name="Floor" type="StaticBody" parent="."]
transform = Transform( 1, 0, 0, 0, 1, 0, 0, 0, 1, 0, -1.04422, 0 )
__meta__ = {
"_edit_group_": true
}

[node name="CollisionShape" type="CollisionShape" parent="Floor"]
shape = SubResource( 3 )

[node name="MeshInstance" type="MeshInstance" parent="Floor"]
mesh = SubResource( 4 )
material/0 = null
