[gd_scene load_steps=9 format=2]

[ext_resource path="res://assets/Sphere.tscn" type="PackedScene" id=1]
[ext_resource path="res://scripts/Player.gd" type="Script" id=2]
[ext_resource path="res://scripts/OutOfBounds.gd" type="Script" id=3]
[ext_resource path="res://envs/env_1.tres" type="Environment" id=4]

[sub_resource type="BoxShape" id=1]

[sub_resource type="BoxShape" id=2]
extents = Vector3( 15, 1, 15 )

[sub_resource type="SpatialMaterial" id=3]
albedo_color = Color( 0.137255, 0.67451, 0.247059, 1 )

[sub_resource type="CubeMesh" id=4]
material = SubResource( 3 )
size = Vector3( 30, 2, 30 )

[node name="Level" type="Spatial"]

[node name="OutOfBounds" type="Area" parent="."]
transform = Transform( 1, 0, 0, 0, 1, 0, 0, 0, 1, 0, 1, 0 )
script = ExtResource( 3 )

[node name="CollisionShape" type="CollisionShape" parent="OutOfBounds"]
transform = Transform( 100, 0, 0, 0, 1, 0, 0, 0, 100, 0, -20, 0 )
shape = SubResource( 1 )

[node name="Floor" type="StaticBody" parent="."]
transform = Transform( 1, 0, 0, 0, 1, 0, 0, 0, 1, 0, -1.04422, 0 )
__meta__ = {
"_edit_group_": true
}

[node name="CollisionShape" type="CollisionShape" parent="Floor"]
shape = SubResource( 2 )

[node name="MeshInstance" type="MeshInstance" parent="Floor"]
mesh = SubResource( 4 )
material/0 = null

[node name="Player" parent="." instance=ExtResource( 1 )]
transform = Transform( 1, 0, 0, 0, 1, 0, 0, 0, 1, 0, 1, 0 )
script = ExtResource( 2 )

[node name="CameraTarget" type="Spatial" parent="Player"]
transform = Transform( 1, 0, 0, 0, 0.965926, 0.258819, 0, -0.258819, 0.965926, 0, 4, 8 )

[node name="InterpolatedCamera" type="InterpolatedCamera" parent="."]
transform = Transform( 1, 0, 0, 0, 0.866025, 0.5, 0, -0.5, 0.866025, 0, 7, 10 )
environment = ExtResource( 4 )
target = NodePath("../Player/CameraTarget")
speed = 5.0
enabled = true

[node name="DirectionalLight" type="DirectionalLight" parent="."]
transform = Transform( 0.866025, -0.353553, 0.353553, -0.433013, -0.176777, 0.883883, -0.25, -0.918559, -0.306186, 0, 4.96035, 0 )
shadow_enabled = true
shadow_color = Color( 0.356863, 0.356863, 0.356863, 1 )
directional_shadow_max_distance = 50.0
[connection signal="body_entered" from="OutOfBounds" to="OutOfBounds" method="_on_OutOfBounds_body_entered"]
